--------------------------------------------------------------------------------------------------- benchmark: 42 tests ----------------------------------------------------------------------------------------------------
Name (time in us)                        Min                    Max                   Mean                StdDev                 Median                   IQR            Outliers          OPS            Rounds  Iterations
----------------------------------------------------------------------------------------------------------------------------------------------------------------------------------------------------------------------------
test_decode_1cNxN[128]               10.1280 (1.0)          35.4750 (1.0)          11.9398 (1.0)          1.3041 (1.0)          12.7880 (1.0)          2.3790 (1.06)      3692;31  83,753.3360 (1.0)       10193           1
test_decode_1cNxN[256]               25.6370 (2.53)         52.3570 (1.48)         30.2964 (2.54)         4.0716 (3.12)         30.6200 (2.39)         5.8862 (2.63)       4369;5  33,007.2221 (0.39)      15653           1
test_encode_1cNxN[256]               76.6000 (7.56)        113.9220 (3.21)         95.5837 (8.01)        18.6694 (14.32)        96.2290 (7.52)        27.9915 (12.53)         1;0  10,462.0385 (0.12)          3           1
test_encode_1cNxN[128]               79.4080 (7.84)        148.4990 (4.19)        111.6220 (9.35)        34.7807 (26.67)       106.9590 (8.36)        51.8183 (23.19)         1;0   8,958.8074 (0.11)          3           1
test_decode_1cNxN[512]               83.4360 (8.24)        155.0680 (4.37)        106.1074 (8.89)        11.5728 (8.87)        105.7260 (8.27)        16.0890 (7.20)       1533;8   9,424.4121 (0.11)       4547           1
test_encode_1cNxN[512]              164.3060 (16.22)       167.2850 (4.72)        165.8910 (13.89)        1.4987 (1.15)        166.0820 (12.99)        2.2343 (1.0)           1;0   6,028.0546 (0.07)          3           1
test_decode_1cNxN[1024]             340.0090 (33.57)       543.9740 (15.33)       427.4963 (35.80)       27.5107 (21.10)       426.0880 (33.32)       34.4263 (15.41)      361;22   2,339.2015 (0.03)       1231           1
test_decode_1cNxM[4860-240]         349.1550 (34.47)       915.1360 (25.80)       402.0850 (33.68)       35.5995 (27.30)       398.6860 (31.18)       24.7887 (11.09)      115;39   2,487.0366 (0.03)       2015           1
test_decode_1cNxM[3240-360]         351.2530 (34.68)       935.8660 (26.38)       409.1829 (34.27)       24.4233 (18.73)       409.3330 (32.01)       25.7695 (11.53)      505;31   2,443.8949 (0.03)       2012           1
test_decode_1cNxM[2430-480]         375.9690 (37.12)       816.3100 (23.01)       423.7687 (35.49)       20.7719 (15.93)       421.9745 (33.00)       21.5040 (9.62)       422;45   2,359.7778 (0.03)       2022           1
test_decode_1cNxM[1440-810]         388.1520 (38.32)       528.3010 (14.89)       448.3216 (37.55)       17.5517 (13.46)       447.2070 (34.97)       21.6160 (9.67)       547;41   2,230.5417 (0.03)       1854           1
test_decode_1cNxM[1620-720]         388.9390 (38.40)       661.4250 (18.64)       450.3138 (37.72)       18.3124 (14.04)       449.0280 (35.11)       22.2722 (9.97)       516;36   2,220.6739 (0.03)       1855           1
test_decode_1cNxM[720-1620]         400.6170 (39.56)       607.1390 (17.11)       480.4621 (40.24)       22.8943 (17.56)       478.2360 (37.40)       26.7222 (11.96)      490;60   2,081.3297 (0.02)       1755           1
test_decode_1cNxM[480-2430]         400.6730 (39.56)       896.8420 (25.28)       487.5178 (40.83)       28.0139 (21.48)       486.4880 (38.04)       30.4775 (13.64)      406;29   2,051.2073 (0.02)       1717           1
test_decode_1cNxM[810-1440]         406.4880 (40.14)       567.6980 (16.00)       464.9759 (38.94)       24.2575 (18.60)       463.4830 (36.24)       33.0720 (14.80)      560;18   2,150.6490 (0.03)       1738           1
test_decode_1cNxM[1080-1080]        411.9310 (40.67)       551.3730 (15.54)       467.0751 (39.12)       20.3748 (15.62)       465.6000 (36.41)       24.6040 (11.01)      496;45   2,140.9833 (0.03)       1750           1
test_decode_1cNxM[360-3240]         426.3500 (42.10)       591.9940 (16.69)       503.7923 (42.19)       25.5094 (19.56)       502.5630 (39.30)       31.3170 (14.02)      468;33   1,984.9449 (0.02)       1616           1
test_decode_1cNxM[240-4860]         434.1650 (42.87)       946.3050 (26.68)       519.2513 (43.49)       33.2727 (25.51)       516.0575 (40.35)       34.3430 (15.37)      305;30   1,925.8498 (0.02)       1568           1
test_encode_1cNxN[1024]             472.7420 (46.68)       571.4030 (16.11)       536.4820 (44.93)       55.2847 (42.39)       565.3010 (44.21)       73.9958 (33.12)         1;0   1,863.9954 (0.02)          3           1
test_encode_1cNxM[3240-360]         497.1770 (49.09)       637.4610 (17.97)       590.5723 (49.46)       80.8830 (62.02)       637.0790 (49.82)      105.2130 (47.09)         1;0   1,693.2727 (0.02)          3           1
test_encode_1cNxM[1440-810]         498.8140 (49.25)       658.5580 (18.56)       600.0127 (50.25)       88.0001 (67.48)       642.6660 (50.26)      119.8080 (53.62)         1;0   1,666.6315 (0.02)          3           1
test_encode_1cNxM[480-2430]         501.8280 (49.55)       708.7860 (19.98)       631.3613 (52.88)      112.8910 (86.57)       683.4700 (53.45)      155.2185 (69.47)         1;0   1,583.8791 (0.02)          3           1
test_encode_1cNxM[4860-240]         502.3840 (49.60)       627.1720 (17.68)       584.5360 (48.96)       71.1628 (54.57)       624.0520 (48.80)       93.5910 (41.89)         1;0   1,710.7586 (0.02)          3           1
test_encode_1cNxM[2430-480]         508.1790 (50.18)       656.6170 (18.51)       604.2753 (50.61)       83.3325 (63.90)       648.0300 (50.67)      111.3285 (49.83)         1;0   1,654.8748 (0.02)          3           1
test_encode_1cNxM[1080-1080]        514.3360 (50.78)       640.7260 (18.06)       595.8197 (49.90)       70.6897 (54.21)       632.3970 (49.45)       94.7925 (42.43)         1;0   1,678.3602 (0.02)          3           1
test_encode_1cNxM[810-1440]         516.9530 (51.04)       643.3550 (18.14)       595.7723 (49.90)       68.7471 (52.72)       627.0090 (49.03)       94.8015 (42.43)         1;0   1,678.4935 (0.02)          3           1
test_encode_1cNxM[720-1620]         520.9540 (51.44)       652.6410 (18.40)       600.9860 (50.33)       70.2802 (53.89)       629.3630 (49.22)       98.7653 (44.21)         1;0   1,663.9323 (0.02)          3           1
test_encode_1cNxM[1620-720]         526.2900 (51.96)       630.9010 (17.78)       594.1383 (49.76)       58.8269 (45.11)       625.2240 (48.89)       78.4583 (35.12)         1;0   1,683.1097 (0.02)          3           1
test_encode_1cNxM[360-3240]         562.6440 (55.55)       640.6660 (18.06)       611.9703 (51.25)       42.9078 (32.90)       632.6010 (49.47)       58.5165 (26.19)         1;0   1,634.0661 (0.02)          3           1
test_encode_1cNxM[240-4860]         586.1690 (57.88)     7,428.8920 (209.41)    2,892.5583 (242.26)   3,928.7661 (>1000.0)     662.6140 (51.82)    5,132.0422 (>1000.0)       1;0     345.7147 (0.00)          3           1
test_decode_1cNxN[2048]           1,429.0660 (141.10)    1,964.8770 (55.39)     1,687.3446 (141.32)      77.0468 (59.08)     1,685.3130 (131.79)      86.0030 (38.49)      100;11     592.6472 (0.01)        341           1
test_encode_1cNxN[2048]           2,071.5130 (204.53)    2,297.2920 (64.76)     2,186.2310 (183.10)     112.9339 (86.60)     2,189.8880 (171.25)     169.3343 (75.79)         1;0     457.4082 (0.01)          3           1
test_encode_1cNxN[4096]           7,978.3480 (787.75)    8,040.1830 (226.64)    8,007.3857 (670.65)      31.0885 (23.84)     8,003.6260 (625.87)      46.3762 (20.76)         1;0     124.8847 (0.00)          3           1
test_encode_Nc4096x4096[1]        7,983.6760 (788.28)   15,632.9930 (440.68)   10,550.6043 (883.65)   4,401.5529 (>1000.0)   8,035.1440 (628.33)   5,736.9877 (>1000.0)       1;0      94.7813 (0.00)          3           1
test_decode_1cNxN[4096]          11,886.9980 (>1000.0)  12,907.1460 (363.84)   12,263.0737 (>1000.0)    222.6648 (170.74)   12,195.8320 (953.69)     246.4810 (110.32)       25;4      81.5456 (0.00)         83           1
test_decode_Nc4096x4096[1]       12,250.5390 (>1000.0)  13,358.4680 (376.56)   12,476.1909 (>1000.0)    214.6187 (164.57)   12,412.8025 (970.66)     133.5440 (59.77)        10;8      80.1527 (0.00)         72           1
test_encode_Nc4096x4096[3]       24,082.2930 (>1000.0)  26,054.3440 (734.44)   24,784.0937 (>1000.0)  1,102.0878 (845.08)   24,215.6440 (>1000.0)  1,479.0382 (661.98)        1;0      40.3485 (0.00)          3           1
test_decode_Nc4096x4096[3]       27,392.9450 (>1000.0)  29,595.7340 (834.27)   27,887.5218 (>1000.0)    547.9378 (420.16)   27,660.1430 (>1000.0)    544.3240 (243.63)        4;3      35.8583 (0.00)         36           1
test_encode_1cNxN[8192]          30,174.6180 (>1000.0)  32,511.5790 (916.46)   31,137.5857 (>1000.0)  1,221.4963 (936.65)   30,726.5600 (>1000.0)  1,752.7208 (784.48)        1;0      32.1155 (0.00)          3           1
test_encode_Nc4096x4096[4]       33,123.8800 (>1000.0)  33,650.3160 (948.56)   33,417.0733 (>1000.0)    268.2895 (205.73)   33,477.0240 (>1000.0)    394.8270 (176.72)        1;0      29.9248 (0.00)          3           1
test_decode_Nc4096x4096[4]       33,612.1330 (>1000.0)  35,751.5640 (>1000.0)  34,026.1617 (>1000.0)    547.2202 (419.61)   33,819.7310 (>1000.0)    253.4652 (113.45)        5;5      29.3892 (0.00)         29           1
test_decode_1cNxN[8192]          49,356.3710 (>1000.0)  52,820.1060 (>1000.0)  50,444.1808 (>1000.0)    912.5652 (699.76)   50,543.3550 (>1000.0)  1,163.3155 (520.67)        7;1      19.8239 (0.00)         19           1
----------------------------------------------------------------------------------------------------------------------------------------------------------------------------------------------------------------------------