--------------------------------------------------------------------------------------------- benchmark: 16 tests ----------------------------------------------------------------------------------------------
Name (time in us)                Min                    Max                   Mean              StdDev                 Median                 IQR            Outliers          OPS            Rounds  Iterations
----------------------------------------------------------------------------------------------------------------------------------------------------------------------------------------------------------------
filterNxN[300-200]           31.3434 (1.0)          93.5254 (1.0)          35.6850 (1.0)       11.8888 (8.13)         31.9907 (1.0)        1.2045 (1.46)         7;14  28,022.9427 (1.0)         100           5
filterKxK[3]                107.7528 (3.44)        121.4314 (1.30)        109.7871 (3.08)       2.2362 (1.53)        109.0117 (3.41)       1.1110 (1.35)        14;16   9,108.5407 (0.33)        100           5
filterKxK[5]                135.7838 (4.33)        143.6782 (1.54)        137.2866 (3.85)       1.4625 (1.0)         136.8297 (4.28)       0.8228 (1.0)         13;14   7,284.0322 (0.26)        100           5
filterKxK[7]                214.7902 (6.85)        239.2910 (2.56)        217.5716 (6.10)       3.4371 (2.35)        216.4985 (6.77)       2.9198 (3.55)         11;7   4,596.1875 (0.16)        100           5
filterKxK[9]                216.4000 (6.90)        461.1014 (4.93)        228.7144 (6.41)      42.8203 (29.28)       217.8672 (6.81)       2.0373 (2.48)         5;13   4,372.2654 (0.16)        100           5
filterKxK[11]               217.1526 (6.93)        231.5428 (2.48)        219.5787 (6.15)       2.2946 (1.57)        218.8103 (6.84)       1.5797 (1.92)         11;8   4,554.1763 (0.16)        100           5
filterKxK[13]               218.2728 (6.96)        225.1270 (2.41)        220.3048 (6.17)       1.5134 (1.03)        219.6755 (6.87)       2.4633 (2.99)         31;0   4,539.1662 (0.16)        100           5
filterKxK[15]               218.6800 (6.98)        231.9786 (2.48)        220.6372 (6.18)       2.3354 (1.60)        219.9416 (6.88)       1.1544 (1.40)        12;12   4,532.3273 (0.16)        100           5
filterNxN[600-400]          353.8264 (11.29)       387.0680 (4.14)        358.6635 (10.05)      5.3673 (3.67)        356.9994 (11.16)      3.1259 (3.80)          9;9   2,788.1288 (0.10)        100           5
filterNxN[900-600]          842.0366 (26.86)       905.8528 (9.69)        848.1575 (23.77)      8.2003 (5.61)        845.9803 (26.44)      4.3233 (5.25)          6;7   1,179.0262 (0.04)        100           5
filterNxN[1200-800]       1,485.5266 (47.40)     1,767.8322 (18.90)     1,501.2068 (42.07)     39.9838 (27.34)     1,491.6306 (46.63)      7.0499 (8.57)         6;11     666.1308 (0.02)        100           5
filterNxN[1800-1200]      2,672.2162 (85.26)     3,153.2594 (33.72)     2,773.5227 (77.72)    109.2745 (74.72)     2,738.4399 (85.60)     95.0176 (115.48)      13;11     360.5523 (0.01)        100           5
filterNxN[2400-1600]      6,308.3194 (201.26)    7,838.2700 (83.81)     6,441.6406 (180.51)   189.7923 (129.77)    6,372.5455 (199.20)   117.9991 (143.41)       10;9     155.2400 (0.01)        100           5
filterNxN[3000-2000]      9,523.5358 (303.85)   17,632.5712 (188.53)    9,817.7301 (275.12)   823.3068 (562.95)    9,642.2656 (301.41)   183.1725 (222.62)       1;16     101.8565 (0.00)        100           5
filterNxN[3600-2400]     14,351.1746 (457.87)   16,172.4140 (172.92)   14,636.5446 (410.16)   297.2719 (203.27)   14,536.3751 (454.39)   346.5437 (421.18)       13;4      68.3221 (0.00)        100           5
filterNxN[6000-4000]     39,467.9864 (>1000.0)  45,969.7130 (491.52)   40,116.5807 (>1000.0)  724.4506 (495.36)   39,926.5208 (>1000.0)  579.1924 (703.93)        8;2      24.9273 (0.00)        100           5
----------------------------------------------------------------------------------------------------------------------------------------------------------------------------------------------------------------